Chan1 - Left		533-543
1 0 0 0 0 0 0 0 0 0 0 0 0 0 	535	542	552	553	609	591	118542
1 0 0 0 0 0 0 0 0 0 0 0 0 0 	539	544	555	553	611	596	118657
1 0 0 0 0 0 0 0 0 0 0 0 0 0 	537	541	553	550	608	598	118770
1 0 0 0 0 0 0 0 0 0 0 0 0 0 	536	536	550	555	609	597	118885
1 0 0 0 0 0 0 0 0 0 0 0 0 0 	533	543	555	553	611	593	118999
1 0 0 0 0 0 0 0 0 0 0 0 0 0 	538	541	551	553	610	587	119113
1 0 0 0 0 0 0 0 0 0 0 0 0 0 	538	539	552	550	610	587	119227
1 0 0 0 0 0 0 0 0 0 0 0 0 0 	536	538	549	555	607	590	119342
1 0 0 0 0 0 0 0 0 0 0 0 0 0 	536	544	554	553	610	596	119455
1 0 0 0 0 0 0 0 0 0 0 0 0 0 	541	540	551	553	610	599	119570
1 0 0 0 0 0 0 0 0 0 0 0 0 0 	537	538	550	550	608	596	119684
1 0 0 0 0 0 0 0 0 0 0 0 0 0 	535	535	548	555	608	592	119798
1 0 0 0 0 0 0 0 0 0 0 0 0 0 	534	542	554	553	608	587	119912
1 0 0 0 0 0 0 0 0 0 0 0 0 0 	539	540	551	551	609	587	120027
1 0 0 0 0 0 0 0 0 0 0 0 0 0 	539	540	550	552	610	593	120141
1 0 0 0 0 0 0 0 0 0 0 0 0 0 	536	535	551	559	608	598	120255
1 0 0 0 0 0 0 0 0 0 0 0 0 0 	536	542	553	554	610	600	120370
1 0 0 0 0 0 0 0 0 0 0 0 0 0 	540	540	551	551	609	595	120483
1 0 0 0 0 0 0 0 0 0 0 0 0 0 	536	538	549	552	607	591	120598
1 0 0 0 0 0 0 0 0 0 0 0 0 0 	535	535	551	556	609	587	120712
1 0 0 0 0 0 0 0 0 0 0 0 0 0 	534	543	554	553	608	589	120826
1 0 0 0 0 0 0 0 0 0 0 0 0 0 	541	541	552	554	609	593	120940
1 0 0 0 0 0 0 0 0 0 0 0 0 0 	539	537	549	549	607	598	121055
1 0 0 0 0 0 0 0 0 0 0 0 0 0 	534	535	552	555	609	599	121168
1 0 0 0 0 0 0 0 0 0 0 0 0 0 	533	541	553	552	608	594	121283
1 0 0 0 0 0 0 0 0 0 0 0 0 0 	539	539	552	553	611	590	121397
1 0 0 0 0 0 0 0 0 0 0 0 0 0 	536	539	551	550	606	588	121511
1 0 0 0 0 0 0 0 0 0 0 0 0 0 	535	538	548	555	608	591	121625
1 0 0 0 0 0 0 0 0 0 0 0 0 0 	534	542	553	553	607	597	121740
1 0 0 0 0 0 0 0 0 0 0 0 0 0 	539	543	551	551	609	602	121853
1 0 0 0 0 0 0 0 0 0 0 0 0 0 	540	537	551	548	606	598	121968
1 0 0 0 0 0 0 0 0 0 0 0 0 0 	536	535	548	553	608	592	122082
1 0 0 0 0 0 0 0 0 0 0 0 0 0 	533	541	554	555	610	590	122196
1 0 0 0 0 0 0 0 0 0 0 0 0 0 	540	541	551	551	609	587	122310
1 0 0 0 0 0 0 0 0 0 0 0 0 0 	538	536	550	549	607	593	122425
1 0 0 0 0 0 0 0 0 0 0 0 0 0 	537	536	551	555	608	599	122539
1 0 0 0 0 0 0 0 0 0 0 0 0 0 	536	544	553	553	608	602	122653
1 0 0 0 0 0 0 0 0 0 0 0 0 0 	541	540	551	553	611	596	122767
1 0 0 0 0 0 0 0 0 0 0 0 0 0 	538	536	551	548	607	591	122882
1 0 0 0 0 0 0 0 0 0 0 0 0 0 	535	535	549	554	608	586	122996
1 0 0 0 0 0 0 0 0 0 0 0 0 0 	536	540	553	553	610	589	123110
1 0 0 0 0 0 0 0 0 0 0 0 0 0 	542	540	552	551	608	594	123225
1 0 0 0 0 0 0 0 0 0 0 0 0 0 	537	537	552	549	608	598	123338
1 0 0 0 0 0 0 0 0 0 0 0 0 0 	537	538	551	555	608	599	123453
1 0 0 0 0 0 0 0 0 0 0 0 0 0 	537	542	555	555	609	598	123567
1 0 0 0 0 0 0 0 0 0 0 0 0 0 	537	540	554	551	610	590	123681
1 0 0 0 0 0 0 0 0 0 0 0 0 0 	537	537	552	550	609	586	123795
1 0 0 0 0 0 0 0 0 0 0 0 0 0 	538	534	551	556	608	590	123910
1 0 0 0 0 0 0 0 0 0 0 0 0 0 	537	541	552	553	608	596	124023
1 0 0 0 0 0 0 0 0 0 0 0 0 0 	538


Netrual			546-557
1 0 0 0 0 0 0 0 0 0 0 0 0 0 	548	531	552	554	607	588	163764
1 0 0 0 0 0 0 0 0 0 0 0 0 0 	553	539	552	551	607	586	163878
1 0 0 0 0 0 0 0 0 0 0 0 0 0 	550	537	550	549	606	588	163993
1 0 0 0 0 0 0 0 0 0 0 0 0 0 	552	536	549	546	605	595	164107
1 0 0 0 0 0 0 0 0 0 0 0 0 0 	550	533	553	552	605	597	164221
1 0 0 0 0 0 0 0 0 0 0 0 0 0 	554	540	551	552	607	596	164335
1 0 0 0 0 0 0 0 0 0 0 0 0 0 	555	539	550	549	607	589	164450
1 0 0 0 0 0 0 0 0 0 0 0 0 0 	553	535	547	548	608	586	164563
1 0 0 0 0 0 0 0 0 0 0 0 0 0 	550	532	550	552	609	586	164678
1 0 0 0 0 0 0 0 0 0 0 0 0 0 	553	539	551	553	607	589	164792
1 0 0 0 0 0 0 0 0 0 0 0 0 0 	552	539	550	549	605	596	164907
1 0 0 0 0 0 0 0 0 0 0 0 0 0 	552	537	549	547	606	598	165020
1 0 0 0 0 0 0 0 0 0 0 0 0 0 	551	536	552	552	607	596	165135
1 0 0 0 0 0 0 0 0 0 0 0 0 0 	554	539	551	553	608	588	165249
1 0 0 0 0 0 0 0 0 0 0 0 0 0 	553	537	548	548	605	584	165363
1 0 0 0 0 0 0 0 0 0 0 0 0 0 	550	534	546	550	606	587	165477
1 0 0 0 0 0 0 0 0 0 0 0 0 0 	548	536	554	554	605	593	165592
1 0 0 0 0 0 0 0 0 0 0 0 0 0 	557	540	551	550	608	597	165705
1 0 0 0 0 0 0 0 0 0 0 0 0 0 	551	538	548	549	604	598	165820
1 0 0 0 0 0 0 0 0 0 0 0 0 0 	553	537	547	549	605	592	165934
1 0 0 0 0 0 0 0 0 0 0 0 0 0 	548	535	551	551	605	587	166048
1 0 0 0 0 0 0 0 0 0 0 0 0 0 	555	542	551	551	606	585	166162
1 0 0 0 0 0 0 0 0 0 0 0 0 0 	550	537	549	550	606	587	166277
1 0 0 0 0 0 0 0 0 0 0 0 0 0 	552	535	549	550	604	592	166390
1 0 0 0 0 0 0 0 0 0 0 0 0 0 	548	537	551	550	607	598	166505
1 0 0 0 0 0 0 0 0 0 0 0 0 0 	551	537	549	549	606	595	166620
1 0 0 0 0 0 0 0 0 0 0 0 0 0 	554	537	549	549	607	592	166733
1 0 0 0 0 0 0 0 0 0 0 0 0 0 	552	534	546	552	607	587	166848
1 0 0 0 0 0 0 0 0 0 0 0 0 0 	548	539	552	553	609	586	166962
1 0 0 0 0 0 0 0 0 0 0 0 0 0 	556	540	549	550	609	590	167076
1 0 0 0 0 0 0 0 0 0 0 0 0 0 	549	536	551	553	607	593	167190
1 0 0 0 0 0 0 0 0 0 0 0 0 0 	549	533	547	554	607	599	167305
1 0 0 0 0 0 0 0 0 0 0 0 0 0 	547	539	554	552	606	595	167418
1 0 0 0 0 0 0 0 0 0 0 0 0 0 	556	540	551	549	609	590	167533
1 0 0 0 0 0 0 0 0 0 0 0 0 0 	553	539	548	549	605	586	167647
1 0 0 0 0 0 0 0 0 0 0 0 0 0 	549	534	549	555	605	585	167761
1 0 0 0 0 0 0 0 0 0 0 0 0 0 	549	540	552	552	610	590	167875
1 0 0 0 0 0 0 0 0 0 0 0 0 0 	553	538	550	551	607	595	167990
1 0 0 0 0 0 0 0 0 0 0 0 0 0 	554	536	550	550	606	598	168103
1 0 0 0 0 0 0 0 0 0 0 0 0 0 	549	533	549	552	608	594	168218
1 0 0 0 0 0 0 0 0 0 0 0 0 0 	550	542	553	552	608	590	168332
1 0 0 0 0 0 0 0 0 0 0 0 0 0 	553	539	550	550	606	586	168446
1 0 0 0 0 0 0 0 0 0 0 0 0 0 	555	539	549	550	608	590	168560
1 0 0 0 0 0 0 0 0 0 0 0 0 0 	550	534	547	553	608	595	168675
1 0 0 0 0 0 0 0 0 0 0 0 0 0 	546	540	552	552	606	598	168788
1 0 0 0 0 0 0 0 0 0 0 0 0 0 	552	540	553	552	606	597	168903
1 0 0 0 0 0 0 0 0 0 0 0 0 0 	552	537	551	548	605	591	169017
1 0 0 0 0 0 0 0 0 0 0 0 0 0 	552	536	546	554	606	586	169132
1 0 0 0 0 0 0 0 0 0 0 0 0 0 	548	543	552	552	609	586	169246
1 0 0 0 0 0 0 0 0 0 0 0 0 0 	554	540	550	550	607	588	169360
1 0 0 0 0 0 0 0 0 0 0 0 0 0 	554	536	547	550	607	593	169475
1 0 0 0 0 0 0 0 0 0 0 0 0 0 	549	536	548	554	606	598	169588




Right			557-567
1 0 0 0 0 0 0 0 0 0 0 0 0 0 	563	543	556	555	609	594	216410
1 0 0 0 0 0 0 0 0 0 0 0 0 0 	564	539	552	552	609	590	216523
1 0 0 0 0 0 0 0 0 0 0 0 0 0 	562	538	548	550	609	590	216638
1 0 0 0 0 0 0 0 0 0 0 0 0 0 	562	534	555	556	609	591	216752
1 0 0 0 0 0 0 0 0 0 0 0 0 0 	567	546	554	552	609	595	216866
1 0 0 0 0 0 0 0 0 0 0 0 0 0 	562	539	551	552	609	600	216980
1 0 0 0 0 0 0 0 0 0 0 0 0 0 	559	535	547	549	607	598	217095
1 0 0 0 0 0 0 0 0 0 0 0 0 0 	557	534	554	555	609	592	217208
1 0 0 0 0 0 0 0 0 0 0 0 0 0 	566	544	553	552	611	588	217323
1 0 0 0 0 0 0 0 0 0 0 0 0 0 	565	542	552	551	609	588	217437
1 0 0 0 0 0 0 0 0 0 0 0 0 0 	562	536	550	550	610	591	217551
1 0 0 0 0 0 0 0 0 0 0 0 0 0 	557	536	557	554	609	596	217666
1 0 0 0 0 0 0 0 0 0 0 0 0 0 	562	541	553	555	609	600	217780
1 0 0 0 0 0 0 0 0 0 0 0 0 0 	561	540	550	555	608	596	217894
1 0 0 0 0 0 0 0 0 0 0 0 0 0 	560	538	550	551	607	590	218008
1 0 0 0 0 0 0 0 0 0 0 0 0 0 	560	537	554	554	609	588	218123
1 0 0 0 0 0 0 0 0 0 0 0 0 0 	565	543	555	552	608	588	218236
1 0 0 0 0 0 0 0 0 0 0 0 0 0 	564	538	554	553	609	593	218351
1 0 0 0 0 0 0 0 0 0 0 0 0 0 	562	539	551	549	607	598	218465
1 0 0 0 0 0 0 0 0 0 0 0 0 0 	558	535	556	555	608	600	218579
1 0 0 0 0 0 0 0 0 0 0 0 0 0 	564	540	553	554	609	595	218693
1 0 0 0 0 0 0 0 0 0 0 0 0 0 	560	537	549	553	611	589	218808
1 0 0 0 0 0 0 0 0 0 0 0 0 0 	559	537	550	552	611	588	218921
1 0 0 0 0 0 0 0 0 0 0 0 0 0 	558	536	556	557	608	590	219036
1 0 0 0 0 0 0 0 0 0 0 0 0 0 	565	541	552	553	611	596	219150
1 0 0 0 0 0 0 0 0 0 0 0 0 0 	563	537	551	552	610	598	219265
1 0 0 0 0 0 0 0 0 0 0 0 0 0 	560	535	548	549	605	597	219378
1 0 0 0 0 0 0 0 0 0 0 0 0 0 	559	537	554	554	609	592	219493
1 0 0 0 0 0 0 0 0 0 0 0 0 0 	562	542	554	552	608	587	219607
1 0 0 0 0 0 0 0 0 0 0 0 0 0 	562	541	551	550	609	588	219721
1 0 0 0 0 0 0 0 0 0 0 0 0 0 	560	535	548	551	607	593	219835
1 0 0 0 0 0 0 0 0 0 0 0 0 0 	558	538	556	554	612	600	219950
1 0 0 0 0 0 0 0 0 0 0 0 0 0 	565	541	552	552	609	599	220063
1 0 0 0 0 0 0 0 0 0 0 0 0 0 	563	539	551	550	606	595	220178
1 0 0 0 0 0 0 0 0 0 0 0 0 0 	559	536	548	552	608	590	220293
1 0 0 0 0 0 0 0 0 0 0 0 0 0 	558	539	553	554	608	586	220406
1 0 0 0 0 0 0 0 0 0 0 0 0 0 	563	542	552	552	612	589	220521
1 0 0 0 0 0 0 0 0 0 0 0 0 0 	562	537	550	550	608	592	220635
1 0 0 0 0 0 0 0 0 0 0 0 0 0 	559	536	551	553	610	599	220749
1 0 0 0 0 0 0 0 0 0 0 0 0 0 	562	541	554	556	611	599	220863
1 0 0 0 0 0 0 0 0 0 0 0 0 0 	566	541	552	551	608	594	220978
1 0 0 0 0 0 0 0 0 0 0 0 0 0 	562	539	552	552	610	589	221091
1 0 0 0 0 0 0 0 0 0 0 0 0 0 	560	537	550	554	607	588	221206
1 0 0 0 0 0 0 0 0 0 0 0 0 0 	558	541	553	554	609	590	221320
1 0 0 0 0 0 0 0 0 0 0 0 0 0 	563	540	552	553	609	597	221434
1 0 0 0 0 0 0 0 0 0 0 0 0 0 	560	538	551	550	608	599	221548
1 0 0 0 0 0 0 0 0 0 0 0 0 0 	559	536	551	553	609	598	221663
1 0 0 0 0 0 0 0 0 0 0 0 0 0 	559	544	556	557	612	593	221776
1 0 0 0 0 0 0 0 0 0 0 0 0 0 	563	539	551	551	609	587	221891
1 0 0 0 0 0 0 0 0 0 0 0 0 0 	561	540	552	551	609	586	222005
1 0 0 0 0 0 0 0 0 0 0 0 0 0 	560	537	551	557	607	591	222119
1 0 0 0 0 0 0 0 0 0 0 0 0 0 	560	546	554	554	610	599	222233
1 0 0 0 0 0 0 0 0 0 0 0 0 0 	562	540	553	555	610	599	222348





Chan1 - Left	533-543
Netrual				546-557
Right					557-567


Trial 2!
Left - 546-552
sig:	0	length	552	Servo dead
sig:	0	length	546	Servo dead
sig:	0	length	548	Servo dead
sig:	0	length	550	Servo dead
sig:	0	length	552	Servo dead
sig:	0	length	547	Servo dead
sig:	0	length	548	Servo dead
sig:	0	length	550	Servo dead
sig:	0	length	551	Servo dead
sig:	0	length	546	Servo dead
sig:	0	length	548	Servo dead
sig:	0	length	549	Servo dead
sig:	0	length	551	Servo dead
sig:	0	length	546	Servo dead
sig:	0	length	548	Servo dead
sig:	0	length	549	Servo dead
sig:	0	length	551	Servo dead
sig:	0	length	546	Servo dead
sig:	0	length	548	Servo dead
sig:	0	length	549	Servo dead
sig:	0	length	551	Servo dead
sig:	0	length	546	Servo dead
sig:	0	length	547	Servo dead
sig:	0	length	549	Servo dead
sig:	0	length	551	Servo dead
sig:	0	length	547	Servo dead
sig:	0	length	547	Servo dead
sig:	0	length	549	Servo dead
sig:	0	length	550	Servo dead
sig:	0	length	550	Servo dead
sig:	0	length	547	Servo dead
sig:	0	length	548	Servo dead
sig:	0	length	550	Servo dead
sig:	0	length	552	Servo dead
sig:	0	length	546	Servo dead
sig:	0	length	548	Servo dead
sig:	0	length	549	Servo dead
sig:	0	length	551	Servo dead
sig:	0	length	546	Servo dead
sig:	0	length	548	Servo dead
sig:	0	length	550	Servo dead
sig:	0	length	552	Servo dead
sig:	0	length	546	Servo dead

Netrual - 561 - 568
sig:	0	length	563	Servo high
sig:	0	length	562	Servo high
sig:	0	length	562	Servo high
sig:	0	length	563	Servo high
sig:	0	length	563	Servo high
sig:	0	length	564	Servo high
sig:	0	length	564	Servo high
sig:	0	length	564	Servo high
sig:	0	length	565	Servo high
sig:	0	length	565	Servo high
sig:	0	length	566	Servo high
sig:	0	length	566	Servo high
sig:	0	length	566	Servo high
sig:	0	length	567	Servo high
sig:	0	length	567	Servo high
sig:	0	length	568	Servo high
sig:	0	length	566	Servo high
sig:	0	length	561	Servo high
sig:	0	length	562	Servo high
sig:	0	length	562	Servo high
sig:	0	length	563	Servo high
sig:	0	length	563	Servo high
sig:	0	length	564	Servo high
sig:	0	length	564	Servo high
sig:	0	length	564	Servo high
sig:	0	length	565	Servo high
sig:	0	length	565	Servo high
sig:	0	length	566	Servo high
sig:	0	length	566	Servo high
sig:	0	length	567	Servo high
sig:	0	length	567	Servo high
sig:	0	length	567	Servo high
sig:	0	length	568	Servo high
sig:	0	length	564	Servo high
sig:	0	length	562	Servo high
sig:	0	length	562	Servo high
sig:	0	length	563	Servo high
sig:	0	length	563	Servo high
sig:	0	length	564	Servo high
sig:	0	length	564	Servo high
sig:	0	length	564	Servo high
sig:	0	length	568	Servo high

Right - 572 - 578
sig:	0	length	572	Bad input
sig:	0	length	575	Bad input
sig:	0	length	577	Bad input
sig:	0	length	573	Bad input
sig:	0	length	576	Bad input
sig:	0	length	572	Bad input
sig:	0	length	574	Bad input
sig:	0	length	577	Bad input
sig:	0	length	573	Bad input
sig:	0	length	575	Bad input
sig:	0	length	573	Bad input
sig:	0	length	574	Bad input
sig:	0	length	577	Bad input
sig:	0	length	572	Bad input
sig:	0	length	575	Bad input
sig:	0	length	577	Bad input
sig:	0	length	573	Bad input
sig:	0	length	576	Bad input
sig:	0	length	572	Bad input
sig:	0	length	575	Bad input
sig:	0	length	578	Bad input
sig:	0	length	573	Bad input
sig:	0	length	576	Bad input
sig:	0	length	572	Bad input
sig:	0	length	575	Bad input
sig:	0	length	577	Bad input
sig:	0	length	573	Bad input
sig:	0	length	576	Bad input
sig:	0	length	572	Bad input
sig:	0	length	574	Bad input
sig:	0	length	577	Bad input
sig:	0	length	573	Bad input
sig:	0	length	575	Bad input
sig:	0	length	575	Bad input
sig:	0	length	574	Bad input
sig:	0	length	576	Bad input
sig:	0	length	572	Bad input
sig:	0	length	575	Bad input


Left -		546-552			6 points
							9 points
Netrual -		561-568		7 points
							4 points
Right -				572-578	6 points